-100 -99 0.000000e+00
-99 -98 0.000000e+00
-98 -97 0.000000e+00
-97 -96 0.000000e+00
-96 -95 0.000000e+00
-95 -94 0.000000e+00
-94 -93 0.000000e+00
-93 -92 0.000000e+00
-92 -91 0.000000e+00
-91 -90 0.000000e+00
-90 -89 0.000000e+00
-89 -88 0.000000e+00
-88 -87 0.000000e+00
-87 -86 0.000000e+00
-86 -85 1.000000e+00
-85 -84 1.000000e+00
-84 -83 0.000000e+00
-83 -82 1.000000e+00
-82 -81 1.000000e+00
-81 -80 2.000000e+00
-80 -79 1.000000e+00
-79 -78 3.000000e+00
-78 -77 0.000000e+00
-77 -76 4.000000e+00
-76 -75 9.000000e+00
-75 -74 7.000000e+00
-74 -73 7.000000e+00
-73 -72 1.500000e+01
-72 -71 1.600000e+01
-71 -70 1.600000e+01
-70 -69 3.000000e+01
-69 -68 4.200000e+01
-68 -67 4.600000e+01
-67 -66 5.200000e+01
-66 -65 6.800000e+01
-65 -64 9.800000e+01
-64 -63 1.160000e+02
-63 -62 1.540000e+02
-62 -61 1.930000e+02
-61 -60 2.170000e+02
-60 -59 3.100000e+02
-59 -58 3.870000e+02
-58 -57 5.070000e+02
-57 -56 6.160000e+02
-56 -55 7.710000e+02
-55 -54 9.480000e+02
-54 -53 1.121000e+03
-53 -52 1.385000e+03
-52 -51 1.683000e+03
-51 -50 2.097000e+03
-50 -49 2.474000e+03
-49 -48 2.956000e+03
-48 -47 3.774000e+03
-47 -46 4.335000e+03
-46 -45 5.293000e+03
-45 -44 6.274000e+03
-44 -43 7.610000e+03
-43 -42 8.829000e+03
-42 -41 1.048000e+04
-41 -40 1.230900e+04
-40 -39 1.404900e+04
-39 -38 1.646400e+04
-38 -37 1.888100e+04
-37 -36 2.228000e+04
-36 -35 2.536600e+04
-35 -34 2.906700e+04
-34 -33 3.329800e+04
-33 -32 3.733800e+04
-32 -31 4.262900e+04
-31 -30 4.825100e+04
-30 -29 5.389700e+04
-29 -28 5.982000e+04
-28 -27 6.701100e+04
-27 -26 7.536300e+04
-26 -25 8.306200e+04
-25 -24 9.198100e+04
-24 -23 1.006170e+05
-23 -22 1.105910e+05
-22 -21 1.205930e+05
-21 -20 1.306080e+05
-20 -19 1.419900e+05
-19 -18 1.530850e+05
-18 -17 1.643210e+05
-17 -16 1.761280e+05
-16 -15 1.868500e+05
-15 -14 1.990210e+05
-14 -13 2.118150e+05
-13 -12 2.231600e+05
-12 -11 2.333110e+05
-11 -10 2.441780e+05
-10 -9 2.549350e+05
-9 -8 2.645750e+05
-8 -7 2.735040e+05
-7 -6 2.822670e+05
-6 -5 2.899270e+05
-5 -4 2.979010e+05
-4 -3 3.022770e+05
-3 -2 3.075830e+05
-2 -1 3.094400e+05
-1 0 3.134650e+05
0 1 3.141850e+05
1 2 3.141630e+05
2 3 3.131600e+05
3 4 3.110360e+05
4 5 3.088010e+05
5 6 3.033610e+05
6 7 2.981990e+05
7 8 2.908650e+05
8 9 2.846910e+05
9 10 2.756310e+05
10 11 2.668960e+05
11 12 2.564670e+05
12 13 2.472480e+05
13 14 2.362930e+05
14 15 2.256510e+05
15 16 2.138350e+05
16 17 2.021510e+05
17 18 1.906380e+05
18 19 1.791390e+05
19 20 1.688650e+05
20 21 1.564910e+05
21 22 1.452240e+05
22 23 1.347640e+05
23 24 1.249190e+05
24 25 1.147740e+05
25 26 1.050530e+05
26 27 9.608000e+04
27 28 8.722700e+04
28 29 7.904200e+04
29 30 7.179300e+04
30 31 6.432700e+04
31 32 5.804100e+04
32 33 5.210900e+04
33 34 4.629200e+04
34 35 4.130400e+04
35 36 3.651100e+04
36 37 3.263500e+04
37 38 2.860700e+04
38 39 2.494800e+04
39 40 2.201200e+04
40 41 1.927200e+04
41 42 1.695400e+04
42 43 1.468000e+04
43 44 1.296500e+04
44 45 1.118000e+04
45 46 9.697000e+03
46 47 8.309000e+03
47 48 7.315000e+03
48 49 6.223000e+03
49 50 5.573000e+03
50 51 4.646000e+03
51 52 3.998000e+03
52 53 3.417000e+03
53 54 3.084000e+03
54 55 2.547000e+03
55 56 2.251000e+03
56 57 1.982000e+03
57 58 1.679000e+03
58 59 1.497000e+03
59 60 1.367000e+03
60 61 1.139000e+03
61 62 1.014000e+03
62 63 9.500000e+02
63 64 8.100000e+02
64 65 7.240000e+02
65 66 6.340000e+02
66 67 5.550000e+02
67 68 5.200000e+02
68 69 4.900000e+02
69 70 4.190000e+02
70 71 4.060000e+02
71 72 3.520000e+02
72 73 3.280000e+02
73 74 3.370000e+02
74 75 2.410000e+02
75 76 2.520000e+02
76 77 2.140000e+02
77 78 2.220000e+02
78 79 2.040000e+02
79 80 1.890000e+02
80 81 1.750000e+02
81 82 1.480000e+02
82 83 1.280000e+02
83 84 1.320000e+02
84 85 9.600000e+01
85 86 1.050000e+02
86 87 9.800000e+01
87 88 7.300000e+01
88 89 8.500000e+01
89 90 7.000000e+01
90 91 6.200000e+01
91 92 6.100000e+01
92 93 5.400000e+01
93 94 4.700000e+01
94 95 4.900000e+01
95 96 4.500000e+01
96 97 4.300000e+01
97 98 3.300000e+01
98 99 2.500000e+01
99 100 2.000000e+01
100 101 2.500000e+01
101 102 3.200000e+01
102 103 2.400000e+01
103 104 1.100000e+01
104 105 9.000000e+00
105 106 1.700000e+01
106 107 1.300000e+01
107 108 1.400000e+01
108 109 1.200000e+01
109 110 5.000000e+00
110 111 1.100000e+01
111 112 6.000000e+00
112 113 4.000000e+00
113 114 4.000000e+00
114 115 6.000000e+00
115 116 8.000000e+00
116 117 4.000000e+00
117 118 2.000000e+00
118 119 2.000000e+00
119 120 1.000000e+00
120 121 3.000000e+00
121 122 0.000000e+00
122 123 2.000000e+00
123 124 2.000000e+00
124 125 1.000000e+00
125 126 1.000000e+00
126 127 2.000000e+00
127 128 0.000000e+00
128 129 3.000000e+00
129 130 0.000000e+00
130 131 0.000000e+00
131 132 0.000000e+00
132 133 1.000000e+00
133 134 0.000000e+00
134 135 0.000000e+00
135 136 1.000000e+00
136 137 0.000000e+00
137 138 0.000000e+00
138 139 0.000000e+00
139 140 0.000000e+00
140 141 0.000000e+00
141 142 1.000000e+00
142 143 1.000000e+00
143 144 0.000000e+00
144 145 0.000000e+00
145 146 0.000000e+00
146 147 0.000000e+00
147 148 0.000000e+00
148 149 0.000000e+00
149 150 0.000000e+00
150 151 1.000000e+00
151 152 0.000000e+00
152 153 0.000000e+00
153 154 0.000000e+00
154 155 0.000000e+00
155 156 0.000000e+00
156 157 0.000000e+00
157 158 0.000000e+00
158 159 0.000000e+00
159 160 0.000000e+00
160 161 0.000000e+00
161 162 0.000000e+00
162 163 0.000000e+00
163 164 0.000000e+00
164 165 0.000000e+00
165 166 0.000000e+00
166 167 0.000000e+00
167 168 0.000000e+00
168 169 0.000000e+00
169 170 0.000000e+00
170 171 0.000000e+00
171 172 0.000000e+00
172 173 0.000000e+00
173 174 0.000000e+00
174 175 0.000000e+00
175 176 0.000000e+00
176 177 0.000000e+00
177 178 0.000000e+00
178 179 0.000000e+00
179 180 0.000000e+00
180 181 0.000000e+00
181 182 0.000000e+00
182 183 0.000000e+00
183 184 0.000000e+00
184 185 0.000000e+00
185 186 0.000000e+00
186 187 0.000000e+00
187 188 0.000000e+00
188 189 0.000000e+00
189 190 0.000000e+00
190 191 0.000000e+00
191 192 0.000000e+00
192 193 0.000000e+00
193 194 0.000000e+00
194 195 0.000000e+00
195 196 0.000000e+00
196 197 0.000000e+00
197 198 0.000000e+00
198 199 0.000000e+00
199 200 0.000000e+00
200 201 0.000000e+00
201 202 0.000000e+00
202 203 0.000000e+00
203 204 0.000000e+00
204 205 0.000000e+00
205 206 0.000000e+00
206 207 0.000000e+00
207 208 0.000000e+00
208 209 0.000000e+00
209 210 0.000000e+00
210 211 0.000000e+00
211 212 0.000000e+00
212 213 0.000000e+00
213 214 0.000000e+00
214 215 0.000000e+00
215 216 0.000000e+00
216 217 0.000000e+00
217 218 0.000000e+00
218 219 0.000000e+00
219 220 0.000000e+00
220 221 0.000000e+00
221 222 0.000000e+00
222 223 0.000000e+00
223 224 0.000000e+00
224 225 0.000000e+00
225 226 0.000000e+00
226 227 0.000000e+00
227 228 0.000000e+00
228 229 0.000000e+00
229 230 0.000000e+00
230 231 0.000000e+00
231 232 0.000000e+00
232 233 0.000000e+00
233 234 0.000000e+00
234 235 0.000000e+00
235 236 0.000000e+00
236 237 0.000000e+00
237 238 0.000000e+00
238 239 0.000000e+00
239 240 0.000000e+00
240 241 0.000000e+00
241 242 0.000000e+00
242 243 0.000000e+00
243 244 0.000000e+00
244 245 0.000000e+00
245 246 0.000000e+00
246 247 0.000000e+00
247 248 0.000000e+00
248 249 0.000000e+00
249 250 0.000000e+00
