-100 -99 0.000000e+00
-99 -98 0.000000e+00
-98 -97 0.000000e+00
-97 -96 0.000000e+00
-96 -95 0.000000e+00
-95 -94 0.000000e+00
-94 -93 0.000000e+00
-93 -92 0.000000e+00
-92 -91 0.000000e+00
-91 -90 0.000000e+00
-90 -89 0.000000e+00
-89 -88 0.000000e+00
-88 -87 0.000000e+00
-87 -86 0.000000e+00
-86 -85 0.000000e+00
-85 -84 0.000000e+00
-84 -83 0.000000e+00
-83 -82 0.000000e+00
-82 -81 0.000000e+00
-81 -80 0.000000e+00
-80 -79 0.000000e+00
-79 -78 0.000000e+00
-78 -77 0.000000e+00
-77 -76 0.000000e+00
-76 -75 0.000000e+00
-75 -74 0.000000e+00
-74 -73 0.000000e+00
-73 -72 0.000000e+00
-72 -71 0.000000e+00
-71 -70 0.000000e+00
-70 -69 0.000000e+00
-69 -68 0.000000e+00
-68 -67 2.000000e+00
-67 -66 0.000000e+00
-66 -65 1.000000e+00
-65 -64 2.000000e+00
-64 -63 0.000000e+00
-63 -62 1.000000e+00
-62 -61 1.000000e+00
-61 -60 1.000000e+00
-60 -59 5.000000e+00
-59 -58 7.000000e+00
-58 -57 5.000000e+00
-57 -56 2.000000e+00
-56 -55 6.000000e+00
-55 -54 8.000000e+00
-54 -53 1.300000e+01
-53 -52 1.600000e+01
-52 -51 1.500000e+01
-51 -50 1.900000e+01
-50 -49 2.500000e+01
-49 -48 3.100000e+01
-48 -47 2.100000e+01
-47 -46 4.600000e+01
-46 -45 5.800000e+01
-45 -44 5.500000e+01
-44 -43 6.600000e+01
-43 -42 9.200000e+01
-42 -41 9.800000e+01
-41 -40 9.300000e+01
-40 -39 1.460000e+02
-39 -38 1.650000e+02
-38 -37 1.880000e+02
-37 -36 2.040000e+02
-36 -35 2.530000e+02
-35 -34 2.780000e+02
-34 -33 3.280000e+02
-33 -32 3.840000e+02
-32 -31 4.320000e+02
-31 -30 5.150000e+02
-30 -29 5.480000e+02
-29 -28 5.810000e+02
-28 -27 6.900000e+02
-27 -26 7.340000e+02
-26 -25 8.410000e+02
-25 -24 9.870000e+02
-24 -23 1.049000e+03
-23 -22 1.100000e+03
-22 -21 1.264000e+03
-21 -20 1.320000e+03
-20 -19 1.480000e+03
-19 -18 1.573000e+03
-18 -17 1.719000e+03
-17 -16 1.852000e+03
-16 -15 1.956000e+03
-15 -14 2.254000e+03
-14 -13 2.163000e+03
-13 -12 2.313000e+03
-12 -11 2.574000e+03
-11 -10 2.648000e+03
-10 -9 2.747000e+03
-9 -8 2.875000e+03
-8 -7 3.052000e+03
-7 -6 3.122000e+03
-6 -5 3.198000e+03
-5 -4 3.225000e+03
-4 -3 3.327000e+03
-3 -2 3.448000e+03
-2 -1 3.574000e+03
-1 0 3.491000e+03
0 1 3.470000e+03
1 2 3.437000e+03
2 3 3.515000e+03
3 4 3.410000e+03
4 5 3.588000e+03
5 6 3.518000e+03
6 7 3.480000e+03
7 8 3.404000e+03
8 9 3.283000e+03
9 10 3.277000e+03
10 11 3.054000e+03
11 12 2.997000e+03
12 13 3.021000e+03
13 14 2.911000e+03
14 15 2.758000e+03
15 16 2.576000e+03
16 17 2.466000e+03
17 18 2.234000e+03
18 19 2.305000e+03
19 20 2.034000e+03
20 21 1.930000e+03
21 22 1.858000e+03
22 23 1.705000e+03
23 24 1.581000e+03
24 25 1.520000e+03
25 26 1.394000e+03
26 27 1.270000e+03
27 28 1.189000e+03
28 29 1.076000e+03
29 30 9.970000e+02
30 31 8.600000e+02
31 32 8.020000e+02
32 33 7.320000e+02
33 34 6.630000e+02
34 35 5.900000e+02
35 36 5.420000e+02
36 37 4.940000e+02
37 38 4.210000e+02
38 39 3.770000e+02
39 40 3.210000e+02
40 41 3.280000e+02
41 42 2.710000e+02
42 43 2.800000e+02
43 44 2.350000e+02
44 45 2.390000e+02
45 46 1.810000e+02
46 47 1.460000e+02
47 48 1.400000e+02
48 49 1.190000e+02
49 50 1.250000e+02
50 51 9.100000e+01
51 52 7.300000e+01
52 53 8.900000e+01
53 54 7.000000e+01
54 55 6.800000e+01
55 56 5.200000e+01
56 57 5.000000e+01
57 58 3.900000e+01
58 59 4.500000e+01
59 60 4.300000e+01
60 61 3.000000e+01
61 62 2.000000e+01
62 63 3.100000e+01
63 64 2.500000e+01
64 65 2.000000e+01
65 66 3.400000e+01
66 67 1.400000e+01
67 68 1.700000e+01
68 69 1.900000e+01
69 70 1.900000e+01
70 71 1.400000e+01
71 72 1.800000e+01
72 73 1.600000e+01
73 74 1.900000e+01
74 75 1.800000e+01
75 76 1.200000e+01
76 77 9.000000e+00
77 78 1.100000e+01
78 79 1.000000e+01
79 80 1.000000e+01
80 81 8.000000e+00
81 82 1.000000e+01
82 83 5.000000e+00
83 84 6.000000e+00
84 85 6.000000e+00
85 86 7.000000e+00
86 87 4.000000e+00
87 88 4.000000e+00
88 89 8.000000e+00
89 90 6.000000e+00
90 91 4.000000e+00
91 92 6.000000e+00
92 93 8.000000e+00
93 94 3.000000e+00
94 95 1.000000e+00
95 96 0.000000e+00
96 97 3.000000e+00
97 98 1.000000e+00
98 99 1.000000e+00
99 100 0.000000e+00
100 101 5.000000e+00
101 102 6.000000e+00
102 103 2.000000e+00
103 104 0.000000e+00
104 105 1.000000e+00
105 106 1.000000e+00
106 107 0.000000e+00
107 108 1.000000e+00
108 109 2.000000e+00
109 110 2.000000e+00
110 111 1.000000e+00
111 112 2.000000e+00
112 113 0.000000e+00
113 114 1.000000e+00
114 115 0.000000e+00
115 116 3.000000e+00
116 117 0.000000e+00
117 118 0.000000e+00
118 119 0.000000e+00
119 120 0.000000e+00
120 121 0.000000e+00
121 122 0.000000e+00
122 123 0.000000e+00
123 124 0.000000e+00
124 125 1.000000e+00
125 126 0.000000e+00
126 127 0.000000e+00
127 128 0.000000e+00
128 129 0.000000e+00
129 130 0.000000e+00
130 131 0.000000e+00
131 132 0.000000e+00
132 133 0.000000e+00
133 134 0.000000e+00
134 135 0.000000e+00
135 136 0.000000e+00
136 137 0.000000e+00
137 138 0.000000e+00
138 139 0.000000e+00
139 140 0.000000e+00
140 141 0.000000e+00
141 142 0.000000e+00
142 143 0.000000e+00
143 144 0.000000e+00
144 145 0.000000e+00
145 146 0.000000e+00
146 147 0.000000e+00
147 148 0.000000e+00
148 149 0.000000e+00
149 150 0.000000e+00
150 151 0.000000e+00
151 152 0.000000e+00
152 153 0.000000e+00
153 154 0.000000e+00
154 155 0.000000e+00
155 156 0.000000e+00
156 157 0.000000e+00
157 158 0.000000e+00
158 159 0.000000e+00
159 160 0.000000e+00
160 161 0.000000e+00
161 162 0.000000e+00
162 163 0.000000e+00
163 164 0.000000e+00
164 165 0.000000e+00
165 166 0.000000e+00
166 167 0.000000e+00
167 168 0.000000e+00
168 169 0.000000e+00
169 170 0.000000e+00
170 171 0.000000e+00
171 172 0.000000e+00
172 173 0.000000e+00
173 174 0.000000e+00
174 175 0.000000e+00
175 176 0.000000e+00
176 177 0.000000e+00
177 178 0.000000e+00
178 179 0.000000e+00
179 180 0.000000e+00
180 181 0.000000e+00
181 182 0.000000e+00
182 183 0.000000e+00
183 184 0.000000e+00
184 185 0.000000e+00
185 186 0.000000e+00
186 187 0.000000e+00
187 188 0.000000e+00
188 189 0.000000e+00
189 190 0.000000e+00
190 191 0.000000e+00
191 192 0.000000e+00
192 193 0.000000e+00
193 194 0.000000e+00
194 195 0.000000e+00
195 196 0.000000e+00
196 197 0.000000e+00
197 198 0.000000e+00
198 199 0.000000e+00
199 200 0.000000e+00
200 201 0.000000e+00
201 202 0.000000e+00
202 203 0.000000e+00
203 204 0.000000e+00
204 205 0.000000e+00
205 206 0.000000e+00
206 207 0.000000e+00
207 208 0.000000e+00
208 209 0.000000e+00
209 210 0.000000e+00
210 211 0.000000e+00
211 212 0.000000e+00
212 213 0.000000e+00
213 214 0.000000e+00
214 215 0.000000e+00
215 216 0.000000e+00
216 217 0.000000e+00
217 218 0.000000e+00
218 219 0.000000e+00
219 220 0.000000e+00
220 221 0.000000e+00
221 222 0.000000e+00
222 223 0.000000e+00
223 224 0.000000e+00
224 225 0.000000e+00
225 226 0.000000e+00
226 227 0.000000e+00
227 228 0.000000e+00
228 229 0.000000e+00
229 230 0.000000e+00
230 231 0.000000e+00
231 232 0.000000e+00
232 233 0.000000e+00
233 234 0.000000e+00
234 235 0.000000e+00
235 236 0.000000e+00
236 237 0.000000e+00
237 238 0.000000e+00
238 239 0.000000e+00
239 240 0.000000e+00
240 241 0.000000e+00
241 242 0.000000e+00
242 243 0.000000e+00
243 244 0.000000e+00
244 245 0.000000e+00
245 246 0.000000e+00
246 247 0.000000e+00
247 248 0.000000e+00
248 249 0.000000e+00
249 250 0.000000e+00
